111650
111653
111656
125034
125035
125036
1333784
14106
14156
14229
14237
14278
14299
14311
14370
14404
14439
14478
14536
14554
14573
14574
14575
14576
14577
14578
14579
14580
14581
14582
14583
14584
14585
14586
14587
14626
14634
14638
14653
14671
14672
14673
14676
14677
14686
14740
14799
14812
14817
14819
14887
14894
14895
14896
14897
14898
14899
14900
14902
14903
14904
14905
14907
14908
14909
14910
14911
14912
14913
14914
14915
14916
14917
14918
14919
14920
14936
14938
14941
14942
14943
14944
14945
14946
14947
14948
14949
14950
14951
14952
14953
14954
14963
14964
15056
15102
15178
16996
17085
17193
17194
17200
17203
17206
17209
17983
17989
17998
18011
18018
18067
18072
18093
18099
18262
18306
18312
18316
18478
18538
18556
18571
18658
18773
18780
18817
18933
18992
18996
19005
19141
19297
19298
19299
19306
19378
19434
19448
19468
19474
19476
19482
19484
19486
19492
19501
19503
19505
19520
19577
19612
19616
19636
19652
19662
19709
19714
19720
19722
19724
19726
19728
19732
19739
19792
20509
20512
20515
20520
20530
20533
20536
20541
20547
20550
20624
20664
20818
20830
20833
20836
20838
20841
20847
20850
23242
23245
23588
24235
24303
24319
24358
24550
24604
24609
24612
24618
24653
24657
24663
24668
24671
24693
24694
24695
24696
24697
24698
24699
24700
24703
24706
24717
24740
24753
24766
24786
24789
24792
24797
24821
24823
24926
24943
24983
25060
25066
25080
25093
25516
32086
32462
32464
32482
32485
32488
32491
32494
32497
34000
34049
42579
42595
42597
42611
42619
42622
42664
42973
43165
43166
43168
43170
43172
43174
43175
43176
43177
43178
43179
43820
43945
43949
44540
44541
44621
44648
44651
44656
44660
44940
45007
45032
45038
45069
45081
45084
45116
45131
45167
45234
45237
45241
45256
45327
45350
45354
45377
45873
52608
52615
52625
52632
52634
52638
52640
52642
52645
52890
52893
53014
53016
53018
53020
53022
53033
53041
53044
53046
53048
53056
53058
53060
53063
53065
53067
53069
53071
53073
53076
53120
53131
53134
53137
53140
53143
53146
53149
53152
53156
53159
53162
53317
54102
54105
54108
54111
54114
54117
64634
64865
64868
64871
64874
64877
6869
74034
74035
74036
76749
76752
76755
76950
77189
77192
77195
77198
77201
77232
78088
82237
82239
95810
95811
