105049
105369
105371
105381
526377
526378
526411
526413
526418
526419
526420
526421
526422
526432
526437
526438
526440
526441
526442
526443
526445
526446
526459
526460
526461
526462
526463
526465
526472
526473
526476
526477
526478
526479
526480
526481
526482
526483
526484
526485
526487
526490
526491
526492
526493
526495
526511
526513
526515
526537
526556
526557
526576
526581
526584
526585
526586
526588
526593
526607
526612
526613
526617
526632
526633
526635
526640
526655
526656
526657
526659
526661
526662
526663
526665
526668
526669
526670
526671
526672
526677
526678
526683
526685
526687
526689
526690
526691
526698
526700
526701
526702
526707
526744
526744
526753
526754
526866
526875
526876
526877
526945
526953
527146
527146
527163
527164
527189
527190
527192
527196
527198
527199
527201
527202
527203
527209
527234
527236
527238
527239
527240
527284
527307
527308
527309
527314
527315
527316
527317
527319
527323
527367
527421
527434
527455
527456
527457
527465
527467
527530
527544
527546
527547
527552
527553
527554
527555
527565
527566
527567
527569
527572
527573
527574
527575
527578
527579
527580
527596
527773
527896
527897
527908
527911
527913
527916
527917
527919
527923
527930
527937
527951
527953
527960
527964
527966
527967
527969
527972
527973
527974
527981
528006
528031
528037
528038
528039
528143
528144
528171
528222
528236
528245
528255
528260
528267
528282
528283
528284
528285
528286
528290
528298
528314
528315
528316
528321
528367
528369
528371
528373
528390
528421
528425
528778
528779
529127
529128
529191
529214
529482
529493
529654
529655
529708
529884
530221
54933
55067
55324
55325
56213
62921
63024
82518
84003
88879
88883
89027
89032
89042
89043
90294
90305
90314
90445
90446
90450
90452
90453
90455
90456
90458
90459
90461
90465
90467
90470
90472
90477
90478
90479
90489
90493
91608
91612
91637
91641
91928
91982
91998
92013
92047
92069
92085
92168
92170
92171
92174
92176
92178
92182
92186
92194
92197
92204
92217
92518
92519
92559
92560
95026
95031
95055
95056
