103446
103454
124571
124822
124828
125534
125539
126000
126004
126006
127578
128118
128780
128781
128785
128788
129075
129076
129251
130362
130371
130390
130438
131504
131963
132621
132622
132623
133671
134789
134793
134795
134796
134798
134799
134800
134801
134802
134803
134804
134805
134806
134807
134808
134809
134810
134811
134812
134813
134814
134815
134816
134817
134818
134819
134820
134821
134822
134823
134824
134825
134826
134827
134828
134829
134830
134831
134832
134833
134834
134835
134836
134837
134838
134839
134840
134841
134842
134843
134844
134845
134846
134847
134848
134849
134850
134851
134852
134853
134854
134855
134856
134857
134858
134859
134860
134861
134862
134863
134864
134865
134866
134867
134868
134869
134870
134871
134872
134873
134874
134875
134876
134877
134878
134879
134880
134881
134882
134883
134884
134885
134886
134887
134889
134890
134891
134892
134893
134894
134895
134896
134897
134898
134899
134900
134901
134902
134903
134904
134905
134906
134907
134908
134909
134910
134911
134912
134913
134914
134915
134916
134917
134918
134919
134920
134921
134922
134923
134924
134925
134926
134927
134928
134929
134930
134931
134932
134933
134934
134935
134936
134937
134938
134939
134940
134941
134942
134943
134944
134945
134946
134947
134948
134949
134950
134951
134952
134953
134954
134955
134956
134957
134958
134959
134960
134961
134962
134963
134964
134965
134966
134967
134968
134969
134970
134971
134972
134973
134974
134975
134976
134977
134978
134979
134980
134981
134982
134983
134984
134985
134986
134987
134988
134990
134991
134992
134993
134994
134995
134996
134997
134998
134999
135000
135001
135002
135003
135004
135005
135006
135007
135008
135009
135010
135011
135012
135013
135014
135015
135016
135017
135018
135019
135020
135021
135022
135023
135024
135025
135026
135027
135028
135029
135030
135031
135032
135033
135034
135035
135036
135037
135038
135039
135040
135041
135042
135043
135044
135045
135046
135047
135048
135049
135050
135051
135052
135053
135054
135055
135056
135057
135058
135059
135060
135061
135062
135063
135064
135065
135066
135067
135068
135069
135070
135071
135072
135073
135074
135075
135076
135077
135078
135079
135080
135081
135082
135083
135084
135085
135086
135087
135088
135089
135091
135092
135093
135094
135095
135096
135097
135098
135099
135100
135101
135102
135103
135104
135105
135106
135107
135108
135109
135110
135111
135112
135113
135114
135115
135116
135117
135118
135119
135120
135121
135122
135123
135124
135125
135126
135127
135128
135129
135130
135131
135132
135133
135134
135135
135136
135137
135138
135139
135140
135141
135142
135143
135144
135145
135146
135147
135148
135149
135150
135151
135152
135153
135154
135155
135156
135157
135158
135159
135160
135161
135162
135163
135164
135165
135166
135167
135168
135169
135170
135171
135172
135173
135174
135175
135176
135177
135178
135179
135180
135181
135182
135183
135184
135185
135186
135187
135188
135189
135190
135192
135193
135194
135195
135196
135197
135198
135199
135200
135201
135202
135203
135204
135205
135206
135207
135208
135209
135210
135211
135212
135213
135214
135215
135216
135217
135218
135219
135220
135221
135222
135223
135224
135225
135226
135227
135228
135229
135230
135231
135232
135233
135234
135235
135236
135237
135238
135239
135240
135241
135242
14258
14375
14412
14416
14418
14668
14669
14670
14674
14821
14877
14890
15169
15325
17195
17215
17887
18007
18014
18034
18036
18064
18141
18295
18382
18383
18384
18574
18752
19027
19496
19561
19713
202368
202377
202408
202444
202450
202462
202471
202477
202480
202487
202524
202533
202600
202609
202619
202628
202647
202684
202693
20466
20602
20659
20661
21847
21851
23254
23606
23609
23968
23971
23983
23986
24327
24332
24543
24615
24640
24647
24648
24649
24650
24651
24652
24654
24655
24656
24666
24772
25115
25118
32968
32969
34003
34108
42555
42606
42693
42694
42695
42697
42699
42701
42706
42708
42713
42716
42718
42720
42725
42886
43114
45436
45875
45877
45879
45881
45883
45885
45887
45889
45891
45893
45895
45897
45899
45901
45903
45905
45907
45909
45911
45913
45915
45917
45919
45921
45923
45925
45927
45929
45931
45933
45935
45937
45939
45941
45943
45945
45947
45949
45951
45953
45955
45956
45958
45960
45962
45964
45966
45968
45970
45972
45974
459752
459761
459763
459766
45976
459781
459782
45978
459805
459807
459808
45980
45982
45984
459851
459853
45986
45988
45990
459920
459922
459924
459926
459928
45992
459930
459932
45994
45996
45998
46000
46002
46004
46009
46011
46013
46015
46017
46019
46021
46023
47790
52589
52784
52803
52992
53323
53352
53409
53414
53454
53617
53638
53800
53921
54008
54139
54253
54276
54333
54632
54633
54634
54635
54636
54637
54638
54639
54640
54641
54642
54643
54644
54645
54646
54647
54648
54649
54650
54651
54652
54653
54654
54655
54656
54928
55401
55410
55961
56686
56863
56978
57110
57111
57117
59364
59394
59404
59535
59538
61736
61931
62400
62406
62409
62660
62662
62832
62886
63124
63235
63246
63253
63263
63273
63450
63563
63778
63779
63780
63781
63782
63783
64044
64092
64093
64094
64095
64096
64097
64098
64099
64100
64101
64102
64103
64635
64729
64735
64745
64746
64747
64748
64749
64800
66855
67253
67255
67256
67257
67258
67259
67260
67261
67262
67263
67264
67265
67266
67267
67268
67269
67270
67271
67272
67273
67274
67275
67276
67277
67278
67279
67280
67281
67282
67283
67284
67285
67286
67287
67288
67289
67290
67291
67292
67293
67294
67296
67297
67298
67629
67998
68066
68070
68283
68514
68517
68576
68607
68610
68771
68772
68846
68941
69541
69569
69572
69873
70685
71375
71403
71433
71504
71858
72273
72311
72493
72495
72497
72630
72658
72663
72667
72756
72761
72797
72799
72834
73585
73586
73588
73625
73633
73778
73801
74002
74088
74567
74657
75147
75183
75199
75653
75656
75657
75669
75675
75691
75693
75696
75867
75944
75967
75987
75988
75989
75990
75991
75992
75993
75994
75995
75996
75997
75998
75999
76000
76001
76002
76003
76004
76005
76006
76007
76009
76010
76011
76012
76013
76014
76015
76016
76017
76018
76019
76020
76021
76022
76023
76024
76025
76026
76027
76028
76029
76030
76031
76032
76033
76034
76035
76036
76037
76038
76040
76041
76043
77204
77278
77293
77303
77315
77318
77319
77324
77339
77373
77377
77788
77789
77790
77791
77804
77805
77832
77836
77837
77838
77937
78106
78123
78126
78155
78187
78205
78277
78387
78523
79853
80216
80217
80224
80283
80391
80979
81216
81258
81688
81836
84107
84195
84652
85285
85383
85399
87927
87929
87970
88088
88090
88092
88206
88362
88775
89178
90266
90288
90350
90353
90405
90413
90417
90420
90756
92295
92297
92495
92497
92561
93530
93549
93778
94003
94004
94005
94006
94007
94008
94009
94010
94011
94012
94013
94014
94015
94016
94017
94018
94019
94020
94021
94022
94023
94024
94025
94026
94027
94028
94029
94030
94031
94032
94033
94034
94035
94036
94037
94038
94039
94040
94041
94042
94043
94044
94045
94046
94047
94048
94049
94050
94051
94052
94053
94054
94055
94056
94057
94058
94059
94060
94061
94062
94063
94064
94065
94066
94067
94068
94069
94070
94071
94072
94073
94074
94075
94076
94077
94078
94079
94080
94081
94082
94083
94084
94085
94086
94087
94088
94089
94090
94091
94092
94093
94094
94095
94096
94097
94098
94099
94100
94101
94102
94104
94105
94106
94107
94108
94109
94110
94111
94112
94113
94114
94115
94116
94117
94118
94119
94120
94121
94122
94123
94124
94125
94126
94127
94128
94129
94130
94131
94132
94133
94134
94135
94137
94138
94139
94140
94141
94142
94143
94144
94145
94146
94147
94148
94149
94150
94151
94152
94153
94154
94155
94156
94157
94158
94159
94160
94161
94162
94163
94164
94165
94166
94167
94168
94169
94170
94171
94172
94173
94174
94175
94176
94177
94178
94179
94180
94181
94182
94183
94184
94185
94186
94187
94188
94189
94190
94191
94192
94193
94194
94195
94196
94197
94198
94199
94200
94201
94202
94203
94205
94206
94207
94208
94209
94210
94211
94212
94213
94214
94215
94216
94217
94218
94219
94220
94221
94222
94223
94224
94225
94226
94227
94228
94229
94230
94231
94232
94233
94234
94235
94236
94237
94238
94239
94240
94241
94242
94243
94244
94245
94246
94247
94248
94249
94250
94251
94252
94253
94254
94255
94256
94257
94258
94259
94260
94261
94262
94263
94264
94265
94266
94267
94268
94269
94270
94271
94272
94273
94274
94275
94276
94277
94278
94279
94280
94281
94282
94283
94284
94285
94286
94287
94288
94289
94290
94291
94292
94293
94294
94295
94296
94297
94298
94299
94300
94301
94302
94303
94304
94306
97327
97453
97510
97511
97512
97513
97593
97612
97731
97864
98131
98138
98336
98338
98340
98342
98343
98344
98665
99997
