19652
55649
59357
55685
55932
54108
56058
43168
46107
28725
44648
28752
44656
42727
19714
18538
18992
20850
69070
67499
42761
75143
71182
69191
74121
74564
71407
69163
69368
74133
71405
67896
71378
71420
67613
71134
69071
71411
71373
74134
69896
71382
69036
73912
69388
69377
74569
67865
70672
74528
75172
74556
69848
69826
65251
69907
74520
73880
73887
71151
73895
68768
68776
69894
71870
68285
71871
14237
70688
71173
68963
70713
70104
14634
14912
69902
14581
32497
14908
42788
14911
45256
15102
62690
67610
42730
68516
45237
68943
68948
69937
68311
28680
14902
70066
68312
45495
68761
68289
75951
68306
62673
70682
45463
70709
68580
70118
69876
71178
69889
14945
71849
14951
63008
67706
68604
67707
18018
71850
68530
71129
19306
20818
68632
71139
71864
71867
71394
71400
71869
71372
18556
20515
24235
24668
23588
24786
70082
24604
24698
19384
19411
55064
55784
56955
55701
55825
75976
55852
55879
56018
53156
55924
53609
53622
54248
55051
55355
54689
52893
55359
53131
55388
70152
68627
52634
55393
53058
69928
68936
56131
54114
55645
69908
75978
54124
71921
55780
45038
74136
42579
42769
43174
42778
55055
42643
28761
54602
45138
55028
45116
55026
42822
42749
45131
32494
55363
45141
28683
55096
45421
45457
45167
28719
70073
45489
70071
75937
75950
63303
75977
68579
68574
28776
45472
68591
69869
69878
69891
62716
64018
64030
68582
68606
63004
68612
75984
75986
73863
67627
74126
69838
71428
75981
73877
62822
53382
67139
67189
75697
74096
70067
75645
74525
65143
75702
62130
75658
63233
65252
63249
70114
67128
69168
71840
74145
74105
62699
69170
1083514
69834
59797
75698
62814
75206
75936
74129
63272
62121
73904
68295
75949
74546
74524
63237
74527
75943
69856
62096
68294
59780
75158
75709
75663
75668
62112
75706
59793
62809
62884
64801
64809
64811
64815
64816
64865
64871
64723
64726
64021
67176
63521
69825
69854
59377
63512
63298
71845
67349
64796
69932
62958
62988
59417
71436
70140
71857
63554
65141
67120
67496
68527
71846
62982
59351
69936
59358
70674
63216
67121
63291
68588
63220
53362
63572
70085
68597
67640
68953
63276
70137
68594
64721
63534
63528
68954
68629
62663
67858
62890
90376
62835
69864
70136
63545
59307
64897
59388
67863
62664
63537
63219
64891
65149
67599
62691
64805
64901
63555
82551
90331
62670
62833
67456
64894
62812
77280
81824
81846
77317
67616
81835
77367
81777
90375
77299
77309
81790
77300
77313
82239
77469
77320
81222
123425
77357
77354
77374
77440
77304
81224
77329
96585
77336
77394
77368
84069
77387
77470
90393
89758
77397
77279
77281
77305
87926
81833
81840
77356
77358
81245
77429
100452
105346
92570
104667
105045
117573
128456
123762
128301
75659
123282
123608
128145
128833
123708
118182
128464
123742
128457
128886
123305
130781
128108
128844
128829
117536
123445
128882
59773
126583
117533
128840
131530
131383
117539
131427
131536
134670
128135
131464
1173504
396402
1333784
73902
74106
74563
74571
75142
67483
67887
67894
67497
70098
67491
69367
69176
67877
69389
71179
69175
69358
71376
75174
1115822
69059
69162
69356
69357
69179
71432
75188
75187
75230
69899
69901
74151
74535
74568
74570
75140
75146
70062
69830
75166
69833
69905
67884
70138
74104
68944
71414
71177
14910
69034
70677
70715
71922
74119
73855
70129
14899
69173
73917
70105
67635
69075
70690
69904
14404
71160
14917
69870
70125
68759
75688
73925
71142
68958
69875
69077
67593
70705
70671
74098
67637
68961
14943
69082
69152
70720
14554
73892
14964
69372
70101
14671
14947
67603
67638
75694
68914
71848
14686
68288
68919
67615
14673
70710
70683
68304
67463
70702
92558
71388
18571
71423
71131
71418
71424
20664
71426
71430
24821
20536
24943
53152
54852
19792
71401
43172
19175
54132
70150
24697
55713
71427
18996
54872
55147
71841
43170
20533
23242
25080
28710
56022
19636
24694
56247
57074
19339
43177
71393
57068
55371
75705
24695
44541
71397
19322
54880
43178
24612
71398
53494
56984
55944
25516
20541
28740
68754
53558
24693
54368
57070
53056
56014
56957
19395
53065
54289
42664
54117
56030
32462
55661
53507
53162
53076
69929
54685
54111
28743
54185
53143
55014
28695
75958
46033
56117
45454
54128
45081
54239
28749
42649
45415
55128
75957
55120
42799
70068
75941
45386
62692
64910
45406
68590
62700
65152
62714
75687
68619
34000
67883
67476
65236
67626
73868
68624
62709
69868
75173
75699
64029
69171
68633
65164
64818
62719
64031
75966
67131
67178
63244
67192
63018
67889
65154
75186
75973
62126
63553
75684
75175
69156
75974
68575
74521
69841
63280
67868
68596
62970
77201
64877
74125
69370
59786
62818
75931
62706
69355
67874
75176
74539
62878
59784
62711
62132
63225
67122
74350
64733
75159
67880
77229
64803
75674
67856
67132
74530
75915
75644
64743
59805
64820
75968
67892
75707
64812
64033
62922
64730
62883
64041
64727
75925
75920
64017
63255
64038
63257
63258
69044
64634
70698
67136
68287
63261
71183
90301
81816
69060
62875
64088
68296
63020
70703
63274
71381
69073
59331
90293
67478
62946
63288
77395
77365
65244
59384
69084
63295
67630
70081
64889
77276
59368
68533
69849
62826
67860
68952
68538
63524
70079
62108
68510
77988
95018
81819
70146
67873
89873
63218
53370
70092
71860
69884
62679
62978
81820
77328
63297
81793
63232
81806
64874
81233
63548
90372
67712
77286
68505
77471
64722
77462
77283
77308
77384
90379
77443
85326
96569
77330
77282
97742
77408
81252
77472
89181
81818
81722
77414
77434
88089
96581
98661
128452
67137
67716
126596
125036
77431
128891
70124
69085
68603
129458
131430
130789
83997
67903
126588
123574
98751
130790
129474
67143
75163
67602
97514
129472
69153
131457
128308
126585
92537
128305
70108
123673
69157
92555
123295
74558
69828
128112
117580
92576
67899
128101
131454
128852
96597
70111
68964
131473
128459
69035
128105
67500
1138075
131537
128885
74565
73905
74356
74034
67714
69188
128110
69150
131468
71910
73861
73910
69065
74353
75168
67893
74566
70095
74092
69359
69151
67484
69066
74543
71385
70106
74355
69887
71415
73882
73913
75165
70126
73891
69866
73884
68765
70689
69892
68536
14909
19378
68529
67895
68301
67625
19342
14946
71167
69893
68955
69835
56980
19503
68293
69043
68781
69906
14896
55789
18093
69047
14576
20530
89919
14895
69079
70070
68946
68757
71390
14919
57024
70100
15178
19468
14941
14638
68531
19448
70132
17085
67605
70110
55031
14921
55740
14578
14938
55076
70695
24319
17989
54013
67621
24696
18817
57078
19193
19297
56992
71149
19307
71399
24760
19484
55200
70076
57060
57028
19399
19178
71421
53134
57018
54672
55070
55808
56986
54941
57064
55735
46117
54889
53140
56916
53048
54272
53020
53018
53516
69920
54864
70147
53069
54105
28770
42703
56111
52608
42722
69347
62682
56074
70088
32086
56034
56225
75939
45234
56050
1060923
54381
55637
70060
45389
68778
62671
75650
55657
55379
69842
42658
53317
55047
70155
63304
65145
55697
68938
28686
45377
42655
69903
68939
45400
45815
55384
44660
68917
62810
64896
55718
42733
75654
55088
62694
55080
42973
28716
75954
45483
65245
71920
28767
69177
45818
68573
63300
63714
45516
67867
62713
65237
73864
92523
63301
64795
69378
68583
75201
68508
67126
53366
111649
65238
63271
62816
74141
74108
67127
62702
62675
75212
64797
75215
62665
75639
74548
62606
64035
64807
67872
70089
75934
75665
67878
68950
59335
62110
64715
67882
75955
75921
64814
75680
75956
68298
62098
67493
62940
71152
65175
68300
67198
64728
62114
62877
67177
64817
67352
62118
68959
67347
62128
62994
62880
59791
17196
62948
64810
64736
75655
59811
67901
68524
62808
69867
67129
64819
63289
64742
77935
75664
75922
63540
69064
67200
64739
69922
64868
59412
63267
63296
68617
75909
67130
69046
65227
68519
68600
69837
59803
59396
59402
70130
59373
69067
65241
67498
69063
71837
67905
63213
69942
69087
67869
67861
62678
70694
62807
67857
62920
63282
62813
62821
81831
64899
59347
62680
62723
77341
64904
90380
65139
62684
77348
84258
62967
62935
63230
64708
69871
64907
92584
81247
62986
65147
77455
81811
63212
63546
64799
67604
90895
62942
71851
77383
62996
62695
81849
64806
62992
59281
77474
67607
81830
63215
59305
128883
81214
123722
63576
64731
77277
68513
90899
82545
63561
62666
97745
92665
104691
77380
81828
81839
77428
77351
77416
77426
81210
77314
89798
104690
77406
77376
77389
89731
126830
77360
126591
81211
123694
65230
77452
96135
96742
128142
128453
92617
97732
126590
128845
128296
128294
128309
128109
128841
128113
131423
74090
74352
69039
131543
131443
6869
71175
69844
74545
75181
131514
131445
71853
74562
69045
131472
68949
67485
1188194
69037
74354
131535
14587
67480
67900
75190
67486
131458
69376
74547
69057
75227
73872
67902
128114
74560
71157
71184
73915
128115
74531
71435
74146
56142
131542
69086
69827
73916
69172
70681
71429
75640
74150
75638
68628
75156
74536
14106
69872
74345
71148
69186
71408
70099
67897
74537
70670
63520
68769
69883
14478
70102
14914
71163
73909
14900
70717
14229
70676
69038
71907
14936
69851
67611
14799
68302
14575
14894
14819
67609
67634
14953
67636
14952
71150
19184
24740
17998
14585
71434
43945
68745
54277
69189
19005
75198
24823
68937
56899
24797
71386
14944
20624
69190
54158
19351
14817
71137
54681
19310
71155
75200
24653
67888
70078
55815
71391
68756
17209
71162
56905
68935
24792
68744
54950
70116
19313
19298
70133
92543
69900
63210
20293
55766
70072
55139
19358
24766
20841
57020
57026
53513
52642
19354
68746
24699
53431
56909
55800
54358
57066
56038
68760
53581
53427
55709
56229
42595
68747
53536
56042
68742
56100
53149
53618
68766
54598
54305
14405
55910
56143
28698
43179
56046
28755
42646
56062
44621
28764
71913
45084
63242
77189
42710
42818
75982
69935
65155
54844
28722
74139
63010
44940
75214
54936
77192
45821
55100
45135
63243
65142
55195
71916
74128
67719
55022
54996
68299
45424
75947
45451
71812
32485
55367
67618
70144
42634
65150
45873
75971
68586
67142
68608
69909
42837
42637
62669
45412
64025
69166
70142
67619
45486
45469
75972
63234
67182
67594
68614
63552
74140
67617
75662
67477
73866
69183
63247
75692
62817
65173
75660
74130
69845
67124
75666
63270
75211
71842
63228
75926
75207
75911
73888
75661
63238
59294
59288
75671
75914
77198
62703
75935
77232
75945
63268
67194
75964
59782
65234
65239
64802
78088
63569
59813
62964
59795
65158
75670
75908
69033
62104
65168
62676
63254
65231
62928
75710
65171
59799
62887
62819
68522
67193
70121
59801
69933
64714
63265
75711
67890
75218
68532
67138
59809
68291
64037
68634
63529
63542
67196
67188
75970
63278
62924
69050
71847
68525
63221
68965
68592
68630
62888
69888
71856
63290
69890
69078
69912
68622
69081
59421
67881
70712
71180
62990
64911
63541
69831
63250
71862
71371
59497
63211
62916
62689
63000
69861
63556
62674
63543
62802
63275
59500
53386
77422
68512
62831
77432
90563
92632
81782
77335
77449
77442
90308
81804
81251
81786
123554
128463
81778
77338
97748
73875
82514
77433
81780
81822
96548
77326
81206
77311
81230
77418
70093
77290
126959
81244
81225
117597
89935
73879
81789
77349
77362
77379
84067
77413
81246
77441
95869
77344
128836
81213
77464
89739
81238
81794
83999
123242
77459
77448
81249
81234
77284
92635
132734
128141
129460
132724
100415
77407
123262
95879
77425
123772
131545
130788
67612
129461
117648
69158
123588
128854
128295
129465
74127
129471
123405
69185
132739
128139
74131
123194
74115
68585
68956
73919
68780
71379
59789
74035
74036
75169
68774
74147
69865
68940
69056
73898
14915
73896
74149
76752
18933
71168
69384
70692
73922
71132
14740
69072
14299
14918
73870
74357
71417
70716
69846
76755
71384
14577
71419
19577
74544
68537
74118
14676
70686
71425
74116
14942
75150
71431
67479
67606
73885
19724
14580
74093
70097
69042
69863
17193
69353
74103
73890
14812
71141
67624
18099
68762
16996
14905
20520
67708
68521
14950
14677
18780
70699
19141
68911
71136
24789
19722
68535
19476
18067
68303
71404
18011
19434
24657
24550
19732
20833
19501
71380
71383
71387
20550
70084
19196
24717
20836
19414
19391
19403
68916
54316
55793
28692
75672
56237
53593
53573
52632
55956
75946
28730
43175
53044
24763
42834
43949
55163
56106
28689
52638
52890
56982
62710
55837
43166
68593
55653
57062
69941
56010
45007
54195
53554
53063
55693
53630
28746
53137
55762
44613
42625
69915
62668
54120
69926
43176
68934
54264
32482
45418
68779
70145
42611
54407
54885
70074
45241
45350
53597
62720
32488
28713
28758
45069
19169
69939
45824
55018
62728
75985
75953
42622
45466
69940
45327
45492
45397
77195
74138
62725
62704
62930
45403
64020
64890
75980
64026
71914
75975
74143
63016
43169
65156
74549
69178
59414
71410
67346
53374
67174
75676
75208
71395
63284
64737
65137
71854
65248
75704
67876
75210
69161
75913
62698
73876
71402
67631
73903
67125
69916
62705
63513
67633
71859
69862
65151
75229
75194
67639
73889
67596
75703
62708
69344
71156
75917
75204
68308
62715
128888
71409
75701
75678
69855
75681
74523
59788
63239
74526
62701
53378
75919
62116
64028
68523
69858
67175
63260
74148
67866
75682
64909
62124
68598
64036
59778
70149
63286
64718
75910
62100
68618
75916
63281
68957
67181
59408
67353
63252
68611
65250
70151
67345
59370
69083
65232
69832
67494
69874
59382
70678
63544
70700
67891
63550
62661
67870
62950
59807
71855
62974
70128
59302
70123
59494
62984
59503
63515
63517
62966
63568
62824
62834
63236
64798
64719
64741
64744
63559
64893
64895
64905
67459
67601
67623
77421
85128
90373
90377
90371
90386
77275
81829
77364
81807
77327
81784
81805
77294
77296
77302
92681
77321
77396
77352
77370
77372
81724
77355
77359
77438
95013
81209
77346
81263
81267
77307
77385
81726
77399
77460
77457
77402
77403
77333
77405
77453
81800
81212
82547
77423
77447
77415
95475
97786
104406
84674
125035
128299
118227
123222
123272
123374
123393
123752
128460
129469
128304
123331
128837
128842
128849
128853
123563
123532
123687
126586
126587
134676
131437
131459
131463
132722
128298
126593
128887
128100
132730
131529
131438
131422
131434
131540
131447
67898
74112
75144
132732
132731
68581
68584
70094
68599
68620
68623
67487
67495
68913
68960
69154
69346
69164
69369
75192
69061
69386
75191
69345
69182
69373
69380
75231
69375
69898
74529
75154
71169
75180
75184
75157
71135
75224
75232
75637
73924
74117
73920
73923
67492
69857
69881
70697
73856
70693
71159
71161
71164
73883
73899
73900
70714
70120
69053
69897
74120
68763
74091
71866
14278
14311
71908
14916
14653
14573
14574
14579
14586
14898
14963
14582
17194
68305
68310
68764
68912
69385
70131
70701
70119
71143
70708
71144
71838
67457
18316
17983
19728
19616
19482
19492
20830
24983
24663
17995
24671
24753
19319
19331
19345
19325
19190
19364
19348
19388
19406
54958
56895
54848
56988
56903
57072
57076
56915
56026
56066
53504
53577
53605
70117
55375
54223
54876
52640
53348
53510
53014
53016
53073
53033
53060
69914
53601
69919
68752
68758
68932
68942
68910
56097
56110
56149
54168
54281
53613
54235
55641
74522
74132
74552
75228
74538
74550
65228
65157
65166
67710
67859
67350
67351
68292
68297
75646
75686
75708
75685
75969
77939
64717
64732
64023
64019
64738
64040
64042
63523
63558
63565
63251
75918
75924
63264
63266
63269
59406
67185
67191
68605
67348
65226
70153
59371
69058
70148
67489
70134
67460
67475
70680
70684
59419
69840
69850
69938
67455
71861
70691
67862
70122
70719
70083
63217
62101
62876
63231
59386
59378
63283
59523
59423
62685
59415
62938
62956
63539
59310
62972
69886
63522
62954
63526
63531
63549
63570
63536
63574
63575
92294
62799
63241
62667
62803
62804
62688
62724
62727
63516
63567
64898
67461
67597
67600
68506
81796
77430
100132
90384
77292
81257
87908
81832
77289
81810
77295
82237
77412
77468
77340
88045
77436
96587
95041
81231
81236
89842
81255
77381
77390
77461
77454
80520
77404
81826
77306
82166
