1000711
100132
100415
100452
1018006
1034888
104312
104326
104362
104406
104667
104690
104691
105045
105346
105709
1060923
1073759
1081780
1083514
1090890
1092608
110012
110026
110054
110082
110096
111462
111476
111504
111518
111532
111560
111574
1115822
111635
111649
111649
112042
112056
112070
112098
112120
112128
112142
112156
112170
1138075
114970
114984
114998
115012
115026
115040
115054
115062
115076
115085
115104
115109
115112
115115
115124
115129
115146
115149
115152
115157
115160
115163
115168
1151715
115173
115186
115188
115191
115200
115209
115218
115223
115226
115231
115236
115239
115244
115247
115252
115255
115258
115261
115263
115266
115269
115272
115275
115278
115289
115292
115303
115306
115311
115314
115319
115322
115327
115330
115333
115336
115339
115342
115351
115356
115361
115364
115367
115370
115375
115380
115383
115388
115390
115393
115396
115405
115407
115410
115416
115419
115422
115427
115432
115447
115450
115455
115457
115460
115463
115466
115471
115478
115483
115488
115493
115498
115507
115510
115515
115520
115525
115530
115535
115540
115545
115548
115553
115558
115565
115570
115573
115578
115583
115586
115591
115602
115607
115612
115617
115622
115627
115632
115637
115642
115647
115650
115665
115686
115691
115696
115701
115706
115711
115716
115721
115726
115731
115748
115753
115760
115765
115772
115777
115782
115787
115792
115797
115802
115807
115812
115817
115822
115827
115832
115835
115840
115845
115848
115853
115858
115863
115868
115873
115880
115885
115890
115895
115900
115905
115910
115915
115920
115925
115930
115933
115936
115941
115946
115951
115956
115961
115966
115973
115978
115987
115992
115997
116002
116007
116012
116017
116022
116027
116032
116037
116040
116045
116050
116053
116058
116063
116068
116073
116078
116083
116088
116093
116096
116101
116106
116111
116116
116123
116130
116135
116140
116147
116152
116157
116162
116167
116172
116177
116186
116191
116196
116201
116206
116209
116214
116219
116224
116231
116236
116239
116244
116249
116254
116257
116262
116279
116284
116289
116316
116321
116324
116329
116334
116339
116342
116347
116352
116357
116362
116369
116374
116379
116384
116393
116398
116403
116408
116413
116418
116423
116428
116433
116438
116443
116446
116451
116456
116461
116466
116473
116476
116481
116486
116491
116496
116501
116506
116511
116516
116521
116526
116531
116536
116539
116544
116549
116554
116561
116568
116573
116578
116583
116588
116593
116600
116607
116614
116629
116634
116639
116646
116649
116654
116661
116668
116673
116678
116685
116689
116696
116703
116720
116741
116752
116759
116766
116769
116782
116789
116796
116800
116807
116814
116819
116824
116835
116844
116849
116856
116860
116867
116874
116881
116884
116891
116898
116905
116910
116915
116922
116925
116929
116936
116941
116946
116963
116976
116981
116988
116995
117002
117009
117014
117019
117024
117035
117042
117049
117056
117061
117068
117073
117078
117082
117089
117096
117103
117106
117111
117118
117125
117132
117139
117144
117200
117214
117215
117222
117229
117234
117241
117248
117313
1173504
117533
117536
117539
117557
117573
117580
117597
117631
117648
117667
117707
117735
117749
117758
117777
117791
117805
117810
117815
117820
117825
117832
117837
117842
117847
117854
117861
117868
117875
117884
117907
117914
117919
117935
1179371
117942
117947
117951
117958
117965
117972
117977
117984
117991
118000
118005
118012
118023
118028
118033
118040
118045
118050
118056
118067
118074
118079
118084
118089
118096
118101
118118
118123
118131
118136
118141
118146
118153
118165
118172
118182
118192
118199
118208
118227
118236
118246
118251
118258
118265
118272
118279
118284
118289
118294
118299
118306
118313
118318
118333
118340
118349
118352
118357
118362
118369
118376
118381
118386
118391
118396
118401
118408
118415
118420
118427
118432
118437
118442
118447
118452
118457
118464
118469
118474
118479
118484
118499
118504
118509
118514
118521
118526
118531
118538
118545
118550
118557
118562
118567
118572
118579
118584
118589
118594
118599
118604
118609
118616
118637
118660
118687
118692
118697
118714
118719
118726
118737
118744
118749
118756
118761
118766
118771
118778
118785
118790
118797
118802
118809
118812
118819
1188194
118826
118833
118838
118843
118848
118853
118860
118867
118872
118891
118898
118903
118908
118911
118918
118923
118930
118937
118944
118949
118956
118961
118966
118973
118982
118995
119002
119007
119016
119021
119026
119029
119034
119045
119048
119053
119058
119065
119072
119093
119098
119109
119114
119119
119124
119129
119136
119143
119148
119155
119160
119167
119174
119179
119184
119189
119196
119203
119208
119213
119218
119225
119232
119239
119246
119253
119268
119273
119278
119285
119296
119301
119306
119311
119318
119323
119326
119333
119340
119347
119352
119359
119364
119371
119380
119387
119398
119405
119412
119419
119424
119453
119464
119469
119474
119479
119486
119491
119496
119509
119516
119521
119526
119531
119538
119543
119548
119555
119562
119569
119574
119581
119588
119595
119600
119605
119610
119617
119622
119627
119632
119637
119642
119649
119662
119667
119674
119679
119684
119691
119696
119703
119708
119713
119722
119729
119736
119743
119748
119757
119764
119771
119776
119781
119788
119795
119802
119809
119816
119821
119828
119835
119840
119845
119852
119857
119864
119871
119878
119885
119890
119893
119902
119909
119914
119921
119926
119931
119936
119941
119946
119953
119960
119965
120014
120021
120028
120033
120038
120043
120048
120055
120062
120069
120076
120083
120088
120093
120098
120103
120108
120115
120120
120125
120130
120137
120142
120149
120156
120167
120180
120185
120192
120197
120202
120209
120214
120223
120228
120235
120240
1202412
120247
120254
120261
120268
120273
120278
120283
120286
120293
120300
120305
120310
120315
120320
120325
120332
120339
120348
120353
120360
120367
120374
120379
120386
120393
120400
120405
120410
120417
120422
120427
120434
120439
120446
120453
120458
120465
120472
120479
120484
120491
120496
120501
120506
120511
120516
120521
120528
120533
120538
120543
120548
120583
120590
120597
120604
120609
120616
120623
120626
120631
120640
120645
120660
120667
120672
120677
120692
120697
120704
120713
120740
120749
120754
120759
120766
120777
120786
120791
120804
120813
120818
120823
120828
120839
120844
120851
120860
120867
120872
120879
120886
120895
120900
120905
120914
120919
120926
120933
120940
120949
120956
120963
120968
120973
120980
120991
120992
121012
121019
121028
121041
121046
121051
121060
121076
121081
121093
121099
121105
121110
121115
121126
121137
121152
121161
121172
121177
121200
121213
121228
121233
121250
121257
121280
121287
121320
121339
121364
121385
121398
121403
121428
121435
121444
121457
121482
121515
121538
121586
121609
121616
121623
121626
121633
121648
121655
121658
121663
121668
121675
121684
121689
121728
121734
121740
121752
121759
121763
121775
121786
121795
121802
121805
121818
121829
121846
121869
121892
121907
121922
121960
121971
121980
121987
121996
122005
122008
122016
122055
122060
122065
122124
122151
122156
122237
122242
122245
122282
122287
122294
122303
122306
122311
122320
122331
122334
122339
122344
122349
122352
122359
122364
122377
122384
122391
122396
122401
122406
122409
122418
122427
122434
122439
122444
122449
122476
122501
122518
122533
122538
122557
122592
122617
122642
122675
122710
122727
122768
122789
122808
122825
122830
122833
122840
122847
122856
122869
122876
122881
122910
122915
122920
122925
122930
122935
122940
122945
122950
122957
122964
122971
122976
122983
122990
122995
123000
123005
123012
123013
123024
123055
123184
123194
123222
123242
123262
123272
123282
123285
123295
123305
123315
123325
123331
123341
123374
123393
123405
123425
123434
123445
123476
123516
123532
123541
123550
123554
123563
123574
123588
123599
123608
123673
123687
123694
123708
123722
123742
123752
123762
123772
125034
125034
125035
125035
125036
125036
126026
126034
126042
126050
126161
126184
126223
126237
126273
126460
126583
126585
126586
126587
126588
126589
126590
126591
126592
126593
126594
126596
126830
126835
126836
126959
127610
127646
127649
127668
127682
127690
127698
127712
127754
127980
127988
127996
128004
128012
128020
128028
128052
128060
128068
128099
128100
128101
128102
128103
128105
128106
128107
128108
128109
128110
128111
128112
128113
128114
128115
128117
128118
128135
128139
128141
128142
128143
128145
128294
128295
128296
128298
128299
128301
128302
128303
128304
128305
128306
128307
128308
128309
128452
128453
128454
128456
128457
128458
128459
128460
128461
128462
128463
128464
128465
128821
128824
128828
128829
128831
128833
128835
128836
128837
128838
128839
128840
128841
128842
128843
128844
128845
128846
128849
128850
128852
128853
128854
128855
128879
128880
128882
128883
128885
128886
128887
128888
128889
128891
129458
129459
129460
129461
129463
129465
129466
129467
129468
129469
129471
129472
129473
129474
129475
130779
130780
130781
130782
130784
130786
130788
130789
130790
130791
131383
131422
131423
131424
131426
131427
131428
131429
131430
131431
131432
131433
131434
131435
131436
131437
131438
131439
131440
131441
131443
131444
131445
131446
131447
131448
131449
131450
131451
131452
131453
131454
131455
131456
131457
131458
131459
131460
131461
131462
131463
131464
131465
131466
131467
131468
131470
131471
131472
131473
131514
131529
131530
131532
131533
131534
131535
131536
131537
131538
131539
131540
131541
131542
131543
131544
131545
132721
132722
132724
132725
132726
132727
132728
132730
132731
132732
132734
132735
132739
1333784
1333784
1333901
1333901
1333924
1333924
1334005
1334006
1334010
1334011
1334012
1334013
1334014
1334016
1334029
1334033
1334036
1334039
1334042
1334045
1334598
1335059
1335518
1337732
1338379
1338722
1338725
1338728
1338731
1338734
1338737
1338740
1338743
1338746
1338749
1338752
1338755
1338758
1338761
1338764
1338767
1338770
1338773
1338774
1343130
1343133
1343136
1343139
1343142
1343146
1343149
1343213
1343216
1343219
1343222
1346080
1346083
1346086
1346089
1346092
1346095
1346098
1346101
1346104
1346108
1346111
1346114
1346117
1346120
1346123
1346126
1346129
1346132
1346135
1346138
1346141
1346144
1346147
1346150
1346153
1346234
1346237
1346240
1346243
1346246
1346249
1346252
1346255
134670
134676
1351521
1351525
1351528
1351531
1351534
1351535
1351538
1351541
1351544
1351547
1351550
1351553
1351556
1351560
1351563
1351566
1351569
1351572
1351575
1351578
1351581
1351584
1351587
1351590
1351593
1351596
1351599
1351602
1351605
1351608
1351611
1351614
1351617
1351620
1366280
1366283
1366286
1366289
1366292
1366295
1366298
1366301
1366304
1366307
1366310
1366313
1366316
1366319
1366322
1366325
1366328
1367716
1367859
1367966
1367976
1368028
1368108
1368230
1369909
1369912
1369915
1369918
1369921
1373992
1373995
1373998
1374001
1374004
1374007
1374010
1374013
1374036
1374039
1374042
1374045
1374048
1374051
1374054
1374057
1374060
1374063
1374066
1374069
1374072
1374075
1374078
1374081
1374084
1374087
1374090
1374093
1386325
1386328
1386331
1386334
1386337
1386340
1386343
1386346
1386349
1386352
1386355
1386358
1386377
1386380
1386383
1386386
1386389
1386392
1386395
1386398
1386401
1386404
1386407
1386410
1386413
1386416
1386419
1386422
1386425
1386428
1386431
1386434
1386437
1397494
1397495
1397498
1397501
1397504
1397507
1397510
1397513
1397516
1397519
1397522
1397525
1397528
1397531
1397534
1397537
1397540
1397543
1397546
1397549
1397552
1397554
1397556
1397558
1397560
1397564
1397567
1397570
1397573
1397576
1397579
1397582
1397585
1397586
1397589
1397592
1397595
1397598
1397601
1397604
1397607
1397610
1397612
1397614
1397616
1397618
1397620
1397622
1397705
1397708
1397711
1397714
1397734
1397737
1397740
1397743
1397746
1397749
1398376
1398379
1398382
1398385
1398388
1398391
14106
14106
1412515
1412518
1412521
1412524
1412527
14147
14147
14156
14156
14164
14164
1416893
1416896
1416899
1416902
1416905
1416908
1416911
1416914
1416917
1416920
1416923
1416926
1416929
1416932
1416935
1416938
1416941
1416944
1416947
1416950
1416953
1416956
1416959
1416962
1416965
1416968
1416971
1416974
1416977
1416984
1416987
1416990
1416991
1416994
1416997
1417000
1417015
1417018
1417021
1417024
1417027
1417030
1417036
1417040
1417043
1417046
1417049
1417052
1417055
1417058
1417061
1417064
1417067
1417070
1417073
1417076
1417079
1417082
1417085
1417088
1417091
1417094
1417143
1417146
1417149
1417152
1417155
1417158
1417161
1417164
1417167
1417170
1417173
1417176
1417179
1417182
1417185
1417188
1417191
1417194
1417197
1417263
1417266
1417269
1417272
1417275
1417278
1417281
1417284
1417287
1417290
1417293
1417296
1417300
1417303
1417306
1417309
1417312
1417315
1417318
14175
14175
14177
14177
14182
14182
14183
14183
14185
14185
14186
14186
1418636
1418639
1418642
1418645
1418648
1418651
1418654
1418657
1418660
1418663
1418666
1418669
1419351
1419354
1419357
1419360
1419363
1419366
1419369
1419372
1419375
1419378
1419381
1419384
1419387
1419390
1419393
1419396
1419399
1419402
1419405
1419408
1419411
1419414
1419417
1419420
1419423
1419426
1419429
1419432
1419435
1419438
1419441
1419444
1419447
1419450
1419453
1419456
1419459
1419462
1420178
1420181
14217
14219
14220
14221
14222
14224
14229
14237
14254
14278
14293
14294
14299
14311
14370
14404
14439
14478
14536
14554
14573
14574
14575
14576
14577
14578
14579
14580
14581
14582
14583
14584
14585
14586
14587
14626
14631
14632
14634
14638
14653
14671
14672
14673
14675
14676
14677
14678
14679
14680
14681
14682
14683
14684
14685
14686
14704
14706
14708
14740
14766
14767
14799
14812
14817
14819
14887
14894
14895
14896
14897
14898
14899
14900
14902
14903
14904
14905
14907
14908
14909
14910
14911
14912
14913
14914
14915
14916
14917
14918
14919
14920
14936
14938
14941
14942
14943
14944
14945
14946
14947
14948
14949
14950
14951
14952
14953
14954
14963
14964
15056
15061
15062
15064
15102
15178
15330
15332
15333
16996
17085
17193
17194
17200
17203
17206
17209
17946
17983
17989
17998
18011
18018
18067
18072
18093
18099
18262
18306
18312
18316
18478
18538
18556
18571
18658
18773
18780
18817
18933
18992
18996
19005
19141
19297
19298
19299
19306
19378
19434
19448
19468
19474
19476
19482
19484
19486
19492
19501
19503
19505
19520
19577
19612
19616
19636
19652
19662
19709
19714
19720
19722
19724
19726
19728
19732
19739
19792
20509
20512
20515
20520
20530
20533
20536
20541
20547
20550
20624
20664
20818
20830
20833
20836
20838
20841
20847
20850
23242
23450
23520
23521
23532
23588
24235
24303
24319
24331
24358
24550
24604
24609
24612
24618
24653
24657
24663
24668
24671
24693
24694
24695
24696
24697
24698
24699
24700
24703
24706
24717
24740
24753
24766
24786
24789
24792
24797
24821
24823
24926
24943
24983
25060
25066
25080
25093
25516
32086
32462
32464
32482
32485
32488
32491
32494
32497
34000
34049
42579
42595
42597
42611
42619
42622
42664
42973
43163
43165
43166
43168
43170
43172
43174
43175
43176
43177
43178
43179
43820
43945
43949
44540
44541
44621
44648
44656
44660
44940
45007
45032
45038
45069
45081
45084
45116
45131
45167
45234
45237
45241
45256
45327
45350
45377
45873
46205
46706
50214
52563
52608
52615
52625
52626
52632
52634
52638
52640
52642
52645
52890
52893
53014
53016
53018
53020
53022
53033
53041
53044
53046
53048
53056
53058
53060
53063
53065
53067
53069
53071
53073
53076
53120
53131
53134
53137
53140
53143
53146
53149
53152
53156
53159
53162
53317
54102
54105
54108
54111
54114
54117
64634
64865
64868
64871
64874
64877
6869
74034
74035
74036
76749
76752
76755
77189
77192
77195
77198
77201
77232
78088
82237
82239
95810
95811
